448 192 64 48 kaf0.bmp
640 432 64 48 kaf0.bmp
256 384 64 48 kaf0.bmp
1216 144 64 48 kaf0.bmp
320 0 64 48 kaf0.bmp
1216 96 64 48 kaf0.bmp
1024 144 64 48 kaf0.bmp
512 96 64 48 kaf0.bmp
320 144 64 48 kaf0.bmp
704 240 64 48 kaf0.bmp
960 288 64 48 kaf0.bmp
576 48 64 48 kaf0.bmp
896 48 64 48 kaf0.bmp
0 96 64 48 kaf0.bmp
1024 384 64 48 kaf0.bmp
768 0 64 48 kaf0.bmp
256 432 64 48 kaf0.bmp
1216 288 64 48 kaf0.bmp
640 192 64 48 kaf0.bmp
128 432 64 48 kaf0.bmp
960 96 64 48 kaf0.bmp
1088 192 64 48 kaf0.bmp
704 0 64 48 kaf0.bmp
192 0 64 48 kaf0.bmp
896 336 64 48 kaf0.bmp
576 240 64 48 kaf0.bmp
0 384 64 48 kaf0.bmp
192 288 64 48 kaf0.bmp
512 336 64 48 kaf0.bmp
128 144 64 48 kaf0.bmp
640 384 64 48 kaf0.bmp
640 96 64 48 kaf0.bmp
1088 288 64 48 kaf0.bmp
64 192 64 48 kaf0.bmp
256 192 64 48 kaf0.bmp
704 48 64 48 kaf0.bmp
0 48 64 48 kaf0.bmp
576 96 64 48 kaf0.bmp
0 288 64 48 kaf0.bmp
1152 144 64 48 kaf0.bmp
896 240 64 48 kaf0.bmp
704 192 64 48 kaf0.bmp
320 336 64 48 kaf0.bmp
896 0 64 48 kaf0.bmp
320 48 64 48 kaf0.bmp
640 288 64 48 kaf0.bmp
960 432 64 48 kaf0.bmp
128 336 64 48 kaf0.bmp
64 96 64 48 kaf0.bmp
704 96 64 48 kaf0.bmp
0 0 64 48 kaf0.bmp
1152 48 64 48 kaf0.bmp
576 336 64 48 kaf0.bmp
576 432 64 48 kaf0.bmp
768 144 64 48 kaf0.bmp
320 240 64 48 kaf0.bmp
192 144 64 48 kaf0.bmp
1024 0 64 48 kaf0.bmp
1216 432 64 48 kaf0.bmp
768 96 64 48 kaf0.bmp
960 240 64 48 kaf0.bmp
832 96 64 48 kaf0.bmp
320 288 64 48 kaf0.bmp
128 48 64 48 kaf0.bmp
832 144 64 48 kaf0.bmp
448 336 64 48 kaf0.bmp
192 240 64 48 kaf0.bmp
896 192 64 48 kaf0.bmp
768 288 64 48 kaf0.bmp
256 336 64 48 kaf0.bmp
320 384 64 48 kaf0.bmp
192 384 64 48 kaf0.bmp
512 192 64 48 kaf0.bmp
704 336 64 48 kaf0.bmp
1088 432 64 48 kaf0.bmp
960 384 64 48 kaf0.bmp
1152 240 64 48 kaf0.bmp
512 144 64 48 kaf0.bmp
512 288 64 48 kaf0.bmp
1152 0 64 48 kaf0.bmp
896 432 64 48 kaf0.bmp
576 384 64 48 kaf0.bmp
896 96 64 48 kaf0.bmp
128 288 64 48 kaf0.bmp
320 192 64 48 kaf0.bmp
512 432 64 48 kaf0.bmp
1216 384 64 48 kaf0.bmp
960 48 64 48 kaf0.bmp
1088 144 64 48 kaf0.bmp
256 48 64 48 kaf0.bmp
128 240 64 48 kaf0.bmp
960 192 64 48 kaf0.bmp
1152 432 64 48 kaf0.bmp
0 144 64 48 kaf0.bmp
832 0 64 48 kaf0.bmp
192 96 64 48 kaf0.bmp
768 240 64 48 kaf0.bmp
576 288 64 48 kaf0.bmp
1024 96 64 48 kaf0.bmp
128 0 64 48 kaf0.bmp
1216 240 64 48 kaf0.bmp
320 96 64 48 kaf0.bmp
64 144 64 48 kaf0.bmp
1088 48 64 48 kaf0.bmp
576 0 64 48 kaf0.bmp
704 432 64 48 kaf0.bmp
1216 48 64 48 kaf0.bmp
0 336 64 48 kaf0.bmp
704 144 64 48 kaf0.bmp
768 432 64 48 kaf0.bmp
1152 192 64 48 kaf0.bmp
256 96 64 48 kaf0.bmp
448 288 64 48 kaf0.bmp
64 48 64 48 kaf0.bmp
896 384 64 48 kaf0.bmp
64 240 64 48 kaf0.bmp
512 384 64 48 kaf0.bmp
1152 288 64 48 kaf0.bmp
960 0 64 48 kaf0.bmp
256 0 64 48 kaf0.bmp
704 288 64 48 kaf0.bmp
128 192 64 48 kaf0.bmp
448 0 64 48 kaf0.bmp
1152 384 64 48 kaf0.bmp
1152 96 64 48 kaf0.bmp
576 192 64 48 kaf0.bmp
768 192 64 48 kaf0.bmp
896 288 64 48 kaf0.bmp
512 48 64 48 kaf0.bmp
384 144 64 48 kaf0.bmp
384 336 64 48 kaf0.bmp
1152 336 64 48 kaf0.bmp
1216 192 64 48 kaf0.bmp
1024 240 64 48 kaf0.bmp
832 336 64 48 kaf0.bmp
832 432 64 48 kaf0.bmp
448 96 64 48 kaf0.bmp
128 384 64 48 kaf0.bmp
128 96 64 48 kaf0.bmp
512 240 64 48 kaf0.bmp
640 336 64 48 kaf0.bmp
192 48 64 48 kaf0.bmp
768 384 64 48 kaf0.bmp
640 144 64 48 kaf0.bmp
256 240 64 48 kaf0.bmp
1088 336 64 48 kaf0.bmp
384 240 64 48 kaf0.bmp
192 192 64 48 kaf0.bmp
64 0 64 48 kaf0.bmp
1024 288 64 48 kaf0.bmp
384 0 64 48 kaf0.bmp
832 240 64 48 kaf0.bmp
1088 384 64 48 kaf0.bmp
384 384 64 48 kaf0.bmp
192 432 64 48 kaf0.bmp
448 432 64 48 kaf0.bmp
1024 336 64 48 kaf0.bmp
448 144 64 48 kaf0.bmp
640 48 64 48 kaf0.bmp
64 336 64 48 kaf0.bmp
64 432 64 48 kaf0.bmp
960 144 64 48 kaf0.bmp
960 336 64 48 kaf0.bmp
64 288 64 48 kaf0.bmp
512 0 64 48 kaf0.bmp
832 48 64 48 kaf0.bmp
1088 0 64 48 kaf0.bmp
448 240 64 48 kaf0.bmp
768 336 64 48 kaf0.bmp
1088 96 64 48 kaf0.bmp
832 384 64 48 kaf0.bmp
384 48 64 48 kaf0.bmp
1024 192 64 48 kaf0.bmp
1216 336 64 48 kaf0.bmp
448 384 64 48 kaf0.bmp
1024 48 64 48 kaf0.bmp
1216 0 64 48 kaf0.bmp
384 192 64 48 kaf0.bmp
256 288 64 48 kaf0.bmp
1088 240 64 48 kaf0.bmp
256 144 64 48 kaf0.bmp
832 192 64 48 kaf0.bmp
832 288 64 48 kaf0.bmp
0 192 64 48 kaf0.bmp
768 48 64 48 kaf0.bmp
192 336 64 48 kaf0.bmp
640 240 64 48 kaf0.bmp
0 240 64 48 kaf0.bmp
384 288 64 48 kaf0.bmp
640 0 64 48 kaf0.bmp
384 432 64 48 kaf0.bmp
64 384 64 48 kaf0.bmp
384 96 64 48 kaf0.bmp
1024 432 64 48 kaf0.bmp
320 432 64 48 kaf0.bmp
0 432 64 48 kaf0.bmp
704 384 64 48 kaf0.bmp
448 48 64 48 kaf0.bmp
576 144 64 48 kaf0.bmp
896 144 64 48 kaf0.bmp
